t V 
50491.081600000005 9.99999237622968e-10 
74196.03370251942 9.999987619517805e-10 
141375.80712796014 9.999973692540427e-10 
204640.1744529059 9.99996024997181e-10 
333132.12247242697 9.999932362625198e-10 
487198.4152315202 9.999898175500955e-10 
749784.7372134316 9.999838433325387e-10 
1.0912896349810534e6 9.999758374157558e-10 
1.6181989140319228e6 9.999630215561237e-10 
2.3416577715340964e6 9.999445891766231e-10 
3.396652624215359e6 9.99916108374552e-10 
4.875862190588461e6 9.998732119850068e-10 
7.00605499857169e6 9.998058622216566e-10 
1.0025203848122504e7 9.997002769055051e-10 
1.4361845765743027e7 9.995305701039909e-10 
2.0559349972972836e7 9.992575121052752e-10 
2.9474833541781567e7 9.988159447643655e-10 
4.086036724299588e7 9.981912906281616e-10 
5.634353895724665e7 9.972663643282647e-10 
7.650970566435994e7 9.959719779980417e-10 
1.0295434552647594e8 9.941630388769558e-10 
1.371998288276111e8 9.916709503959174e-10 
1.822284678622861e8 9.881763726954255e-10 
2.361065516289291e8 9.837145610000839e-10 
2.9952179414841807e8 9.781306428712067e-10 
3.7271248705498695e8 9.713190959216834e-10 
4.639485823756538e8 9.624023149716924e-10 
5.600674532157596e8 9.713265781186702e-10 
5.759435007409179e8 9.545191296107499e-10 
6.028188525686079e8 9.487156546616852e-10 
6.299785315081517e8 9.454482337116736e-10 
6.668418074500195e8 9.415885330011384e-10 
7.107554389580905e8 9.371490076943417e-10 
7.607613162993602e8 9.381662111249497e-10 
8.061143985019453e8 9.796416709946677e-10 
8.409601555928594e8 9.797438599806535e-10 
8.728902649324208e8 9.517666650380406e-10 
9.02449239181038e8 9.267877068196569e-10 
9.36921880928371e8 9.15277428375411e-10 
9.769914416266792e8 9.12084244003299e-10 
1.0184788686046972e9 9.139037738457437e-10 
1.0577241023564067e9 9.092381018179761e-10 
1.0972476709210474e9 8.978778681485518e-10 
1.1386759287293136e9 8.991100419450092e-10 
1.1785069294469624e9 9.103015667246058e-10 
1.2146417185758195e9 9.015851859629338e-10 
1.250641832728533e9 8.830259552725379e-10 
1.2912049822770908e9 8.839001709232268e-10 
1.3316363356595268e9 8.859131538677195e-10 
1.3702088563677754e9 8.761260548180339e-10 
1.4117316020434992e9 8.688223746922316e-10 
1.4554257395313087e9 8.693103345869625e-10 
1.496973310165583e9 8.859632885210003e-10 
1.533518713465561e9 8.73407679316947e-10 
1.5699050966811419e9 8.560226308757278e-10 
1.609400356316811e9 8.548580816920448e-10 
1.6498232024891896e9 8.514720871832828e-10 
1.6922958660411913e9 8.46578237231533e-10 
1.7381478501655219e9 8.42910713661998e-10 
1.7834072620427115e9 8.45114210415403e-10 
1.8254320935645108e9 8.743287114977162e-10 
1.8610464562933624e9 8.436736542503041e-10 
1.898621997998232e9 8.308627213258713e-10 
1.936277355274394e9 8.279007509948861e-10 
1.9777675045254402e9 8.241887814222545e-10 
2.0252056415261965e9 8.212868776173568e-10 
2.074867563898342e9 8.179160315564785e-10 
2.1182135879940937e9 8.343050442657044e-10 
2.15775533649102e9 8.439223017698775e-10 
2.193760085139112e9 8.152811921167915e-10 
2.2353169585310264e9 8.115045107600951e-10 
2.2760350420575266e9 8.075495106624319e-10 
2.319363394423051e9 8.023714933320697e-10 
2.3682343425890584e9 7.997280581788495e-10 
2.414173519802263e9 7.993149422511267e-10 
2.460523439817382e9 8.161869989800553e-10 
2.5010661507420073e9 8.105247689560084e-10 
2.540071621138327e9 7.914081677214168e-10 
2.581420914794426e9 7.895402079232131e-10 
2.6249838278499446e9 7.868918942530799e-10 
2.6722109311799254e9 7.843606751197138e-10 
2.722431448522653e9 7.822931495187291e-10 
2.770530056270589e9 7.877070899648942e-10 
2.8161574195923166e9 8.250287920315442e-10 
2.8535115229293365e9 7.905040733334651e-10 
2.8959318167319837e9 7.741585972039924e-10 
2.936249221527889e9 7.749676137166564e-10 
2.979435367563568e9 7.715354984101143e-10 
3.0269192003392477e9 7.673132417756215e-10 
3.0789454842971005e9 7.649874008538413e-10 
3.127638229951433e9 7.765404455955529e-10 
3.154401834109048e9 7.643650616026723e-10 
3.1825063210627213e9 7.617686386214182e-10 
3.2049463463903937e9 7.600281051187618e-10 
3.22869993970144e9 7.586862748467477e-10 
3.259491276267917e9 7.574380251560138e-10 
3.298588755243424e9 7.561404919441777e-10 
3.3448924728567085e9 7.546304111635441e-10 
3.4049803926330795e9 7.525672112075221e-10 
3.4812983135770397e9 7.511493566119483e-10 
3.5554967438662033e9 7.967221401446485e-10 
3.579074572291429e9 7.586948544236488e-10 
3.6155720604425783e9 7.482019890417471e-10 
3.649581810631396e9 7.458767054633851e-10 
3.6980473897684107e9 7.436046192175031e-10 
3.7548434482531543e9 7.445154887324698e-10 
3.8071085373696103e9 7.505290019371933e-10 
3.8538503552891197e9 7.439076792490813e-10 
3.9024249020406623e9 7.386924981289899e-10 
3.9495140676874743e9 7.454325249318044e-10 
3.958679238579413e9 8.658685787764893e-10 
3.9718072585147715e9 1.6673087964742714e-9 
3.980560270261451e9 2.2849283360289957e-9 
3.9895131983365517e9 1.5186509010189459e-9 
3.998289659236404e9 1.6836057330677976e-9 
4.0054170701518707e9 9.659515183871212e-10 
4.018279747141469e9 9.9220810691332e-10 
4.028265005187309e9 7.344658539531557e-10 
4.0470439702274556e9 7.339527188159629e-10 
4.0621007669075646e9 7.336031393279876e-10 
4.090052772960645e9 7.329991485559552e-10 
4.1164901757173448e9 7.325226715957641e-10 
4.157433514832852e9 7.316950426655761e-10 
4.2067551387342296e9 7.306314665485117e-10 
4.276162496971986e9 7.291486046508421e-10 
4.35646842854945e9 7.274929223127629e-10 
4.4414477989441805e9 7.620677005282209e-10 
4.4537454760048065e9 7.413282679842133e-10 
4.485772078831104e9 7.273972347792981e-10 
4.510970835552365e9 7.254851942726314e-10 
4.542889409268185e9 7.238962821415654e-10 
4.577565969697818e9 7.233432593982962e-10 
4.614553015296171e9 7.227157777330314e-10 
4.646367991281651e9 8.305808549022344e-10 
4.670233632273579e9 7.224072423113024e-10 
4.693999930589636e9 7.214396280169693e-10 
4.71506084119915e9 7.211219488772981e-10 
4.7455781506213455e9 7.206628337189633e-10 
4.781657190622572e9 7.201199289004157e-10 
4.82876166947413e9 7.194139566661214e-10 
4.881470332941069e9 7.1863414057883e-10 
4.939898120660684e9 7.177916583435867e-10 
4.949224630997267e9 7.176607288090023e-10 
4.971113039918869e9 8.918180673257293e-10 
4.983536816269806e9 7.171939208796132e-10 
4.999929874018056e9 7.169750262683106e-10 
5.011956224931919e9 7.168153077776434e-10 
5.035318893279374e9 7.165078655946664e-10 
5.058122115520795e9 7.162108742602987e-10 
5.084344203697132e9 7.158755688185604e-10 
5.1167755852985e9 7.154735417740269e-10 
5.148392770730354e9 7.150972781892551e-10 
5.181583480151312e9 7.147159254597129e-10 
5.213360757149176e9 7.143583686268888e-10 
5.253358177692261e9 7.139129958831147e-10 
5.295929247682416e9 7.134423455354677e-10 
5.353941254270782e9 7.128069965239926e-10 
5.421276019541589e9 7.120822539615587e-10 
5.497180560747519e9 7.112942769349285e-10 
5.50871329215627e9 7.366851169490804e-10 
5.52907603780569e9 1.04559578905289e-9 
5.541508237232431e9 1.303635489793735e-9 
5.557243882777551e9 9.21503650440079e-10 
5.568671399485049e9 1.7467883293194398e-9 
5.57957891953082e9 1.653330580128203e-9 
5.586365585561153e9 3.24957104142754e-9 
5.594343396258512e9 2.631405462192309e-9 
5.597783228868022e9 4.345826586874245e-9 
5.602485047761088e9 2.7173088177734855e-9 
5.606893607170578e9 2.6124262169067477e-9 
5.610942191268318e9 2.984126804086322e-9 
5.61891817611e9 1.3374312465235135e-9 
5.625505326149744e9 1.5958714463286815e-9 
5.635812267683398e9 1.0340815831574258e-9 
5.644648819951458e9 9.171762411150249e-10 
5.659060061201254e9 7.382629308101154e-10 
5.674435877417409e9 7.100966614476941e-10 
5.694830434657978e9 7.099625163876408e-10 
5.722041741544227e9 7.097745555363451e-10 
5.750960598240523e9 8.799532928252077e-10 
5.755950274765683e9 1.1775374218257524e-9 
5.766270155223814e9 2.3919721480891584e-9 
5.771864334404088e9 1.862010683283175e-9 
5.778555229908559e9 8.354815325405638e-10 
5.784400774255907e9 9.890713933335742e-10 
5.795503203751421e9 7.743565981842527e-10 
5.80694233871665e9 7.092225282234098e-10 
5.822012112807508e9 7.091209202142417e-10 
5.841636405472618e9 7.089844145341211e-10 
5.869703330445167e9 7.087848136187984e-10 
5.907402885060725e9 7.08512974717922e-10 
5.958944771751096e9 7.081397881432787e-10 
6.026729113453358e9 7.076533688132107e-10 
6.112451358307284e9 7.070564234868316e-10 
6.217661119926581e9 7.063884605406038e-10 
6.276772098435578e9 7.060799847025867e-10 
6.333209532708324e9 7.058363015806193e-10 
6.374877408237554e9 7.056863336147387e-10 
6.383501623060466e9 7.056584949692909e-10 
6.403786217290872e9 1.932012054376315e-9 
6.406245929809523e9 2.5551659868345954e-9 
6.409676027031034e9 5.881163621752822e-9 
6.41027326018272e9 8.514254635329054e-9 
6.411543330356826e9 3.462430974726581e-8 
6.4119869443876e9 5.0950234146895886e-8 
6.412250397377997e9 6.731748118770243e-8 
6.41256272359998e9 6.5429430058344e-8 
6.412627309883613e9 9.468262368142908e-8 
6.412744063616984e9 2.5473466590818e-7 
6.412811454578279e9 2.505129705772559e-7 
6.41285912555969e9 2.6901480116897984e-7 
6.412908265354002e9 7.288667669490937e-7 
6.412916907071209e9 1.1032151288759652e-6 
6.412920533121793e9 1.5046096231320959e-6 
6.41292799959068e9 2.556980725922795e-6 
6.412933170987499e9 1.9617125045816705e-6 
6.412939443615721e9 2.1407376477380846e-6 
6.412944889868401e9 1.1390898971299365e-6 
6.412952084163352e9 5.732348592459424e-7 
6.41296030962119e9 6.337023991646073e-7 
6.412974628447603e9 4.965848269261818e-7 
6.412989997817208e9 1.1043235072313908e-6 
6.412993915378501e9 1.557445904565641e-6 
6.413002877636146e9 1.317124493352827e-5 
6.413003696147974e9 2.572507739566392e-5 
6.413004917733188e9 1.377852159059865e-5 
6.413005745192199e9 4.562337905217616e-6 
6.413006527910341e9 5.885458959336204e-6 
6.4130084762874775e9 9.862570027380952e-6 
6.413010134976274e9 5.2990927347402584e-6 
6.413011770740678e9 1.677988650482131e-6 
6.413013750325578e9 6.836900273652899e-7 
6.413017430689097e9 7.580849354142476e-7 
6.413022026048685e9 7.866047912823604e-7 
6.413029603205217e9 1.0471172130773243e-6 
6.413039690122511e9 3.7740217773716504e-6 
6.413041271579131e9 6.167201226379356e-6 
6.413041982105161e9 8.572756469405718e-6 
6.413043287523172e9 2.79771772624564e-5 
6.41304348972749e9 4.135439423886608e-5 
6.413043742180138e9 8.554189640666599e-5 
6.413043949027008e9 8.578512300292415e-5 
6.4130441067703705e9 2.3228826024058e-5 
6.413044251879719e9 9.508902220155007e-6 
6.413044611141177e9 1.1743260773586231e-5 
6.413045001175498e9 1.604264175526368e-5 
6.413045655628856e9 2.8979623696220245e-5 
6.413046224311931e9 2.1129495446150442e-5 
6.413046741468038e9 6.4323249446000696e-6 
6.41304730797264e9 2.5176664867888755e-6 
6.413048505372925e9 1.4507159419556082e-6 
6.413049901720291e9 1.6256557695544033e-6 
6.4130522439987755e9 1.8581999404159328e-6 
6.413055289234443e9 1.948353884698497e-6 
6.413060114682804e9 1.3960837888863862e-6 
6.413065166549495e9 8.988730798048516e-7 
6.413073683470124e9 1.7581385378880299e-6 
6.413080655331351e9 6.576275729182418e-6 
6.413081853723723e9 1.1909326181051252e-5 
6.413082331350259e9 1.7264641127137473e-5 
6.413083173803362e9 5.1541892085099686e-5 
6.413083625046743e9 2.5911663874656677e-5 
6.413084115658289e9 5.528353669768207e-6 
6.41308450499281e9 6.6243737451132276e-6 
6.413085615022185e9 1.0796231961120506e-5 
6.413086647922795e9 1.4235858639158425e-5 
6.413087939815754e9 5.569126148910319e-6 
6.413089117517885e9 1.8050144585114245e-6 
6.41309068317347e9 9.486589132236209e-7 
6.413093398072812e9 1.044821115635951e-6 
6.413097184671135e9 1.0772599073362187e-6 
6.413102673259782e9 9.177645532699016e-7 
6.4131108009310465e9 5.298832586959948e-7 
6.41312044512112e9 2.850970126476112e-7 
6.413137672520115e9 2.792384234191882e-7 
6.413159142405957e9 4.133543528619171e-7 
6.413190045561285e9 1.1408864984814248e-6 
6.413197107932441e9 1.7823216040018108e-6 
6.413205990943351e9 3.261792093447251e-6 
6.413211897979268e9 1.5835806990251676e-6 
6.413218616891873e9 4.954400391937719e-7 
6.413224920648698e9 3.8017334794279374e-7 
6.413240290092347e9 3.785321747947681e-7 
6.413257710186728e9 2.790568320234276e-7 
6.413284171841546e9 1.3644995622674726e-7 
6.413322525869189e9 7.08854449180058e-8 
6.41337150938088e9 9.75033868395714e-8 
6.413436244404739e9 1.7862547073251585e-7 
6.413491035471064e9 5.334980450174577e-7 
6.413499756325771e9 7.717309264290061e-7 
6.4135109949181185e9 1.7963604499822915e-6 
6.413513091153183e9 2.3817053783466125e-6 
6.413517652965898e9 8.042667917343888e-6 
6.413518176085883e9 1.1010223486442973e-5 
6.413519096373328e9 3.0669393798567717e-5 
6.413519392243152e9 6.862650610351451e-5 
6.413519473892415e9 0.00010139900911213598 
6.41351960985645e9 0.0002903529936225233 
6.413519681551715e9 0.00014865486724260929 
6.413519753324946e9 3.38535642655839e-5 
6.413519816462975e9 1.4840872951664934e-5 
6.413519962640325e9 1.792697339120594e-5 
6.413520121360915e9 2.2523239051959225e-5 
6.413520407631673e9 3.927555152963166e-5 
6.413520751055516e9 0.00023469904290558384 
6.413520792527326e9 0.00045415863229760005 
6.413520854290444e9 0.00019597397504805106 
6.41352089801774e9 4.271441700665376e-5 
6.413520937893416e9 2.8708933805605598e-5 
6.413521029655849e9 2.9155603684842185e-5 
6.413521134476462e9 2.7244814169491173e-5 
6.41352131079507e9 2.0717953605399982e-5 
6.413521541821964e9 1.2245644756922417e-5 
6.413521843886947e9 6.166063486532535e-6 
6.413522355660012e9 2.5347430267996733e-6 
6.413523006370077e9 1.9761690423187054e-6 
6.413523951414001e9 2.2637423047823473e-6 
6.413525330634617e9 2.821915189454871e-6 
6.413527414038459e9 4.33739289834296e-6 
6.413530327214183e9 1.1520220358548294e-5 
6.413532208661923e9 6.345349647154661e-6 
6.413533958100207e9 1.4010297980102033e-6 
6.413535535334128e9 5.951305309545373e-7 
6.413539367074754e9 3.581578638766451e-7 
6.413543621598895e9 3.9888238083543356e-7 
6.41355086212675e9 4.723239953405428e-7 
6.413560339914488e9 5.842408491573788e-7 
6.413575279819976e9 7.2089493078151e-7 
6.413593208078437e9 4.422978407262747e-7 
6.413611126079864e9 1.700958784658148e-7 
6.41363678984371e9 1.0887859620985049e-7 
6.413675473929301e9 1.3121142848638515e-7 
6.413728988479102e9 1.7383270022086738e-7 
6.413812077637293e9 2.1401786220436645e-7 
6.413897030661992e9 9.918437455506813e-8 
6.413967373341576e9 8.212934649361731e-8 
6.414087045516099e9 2.2550730302432215e-7 
6.414105468117461e9 3.0744716542327925e-7 
6.414140246387548e9 9.707173850992307e-7 
6.414144509195548e9 1.3175595580692025e-6 
6.414152298871218e9 3.7587583507018517e-6 
6.414153366810416e9 5.0211998528592795e-6 
6.414156028252891e9 2.6849181448767324e-5 
6.414156278585944e9 4.1820659928915153e-5 
6.414156380524995e9 5.243726132907765e-5 
6.414156579630681e9 8.027962387085802e-5 
6.414156720576567e9 6.595365029807245e-5 
6.414156900130284e9 2.2059774337197535e-5 
6.414157104449504e9 7.686617243013619e-6 
6.414157415008899e9 2.819375284435995e-6 
6.414157817426365e9 1.2702541120870588e-6 
6.414158427296384e9 5.936761999278258e-7 
6.414159318252228e9 4.0464952065574005e-7 
6.414160645498497e9 4.22900232304733e-7 
6.414162570316195e9 4.4786059933427196e-7 
6.414165432871879e9 4.867370175646393e-7 
6.414169637532265e9 5.529809895133543e-7 
6.4141758807589245e9 6.833126286047547e-7 
6.414185094637217e9 9.958672469053391e-7 
6.414196590341904e9 1.5625904507423117e-6 
6.414205898214274e9 9.437885965380587e-7 
6.414215607942945e9 2.976200167666283e-7 
6.414226882036941e9 1.1327185054881564e-7 
6.414247425792559e9 3.984940279536618e-8 
6.41427235540769e9 2.4619947901485e-8 
6.414313535179687e9 2.421180297718372e-8 
6.41437014557892e9 2.296862114928268e-8 
6.414456664909665e9 2.0374438434122095e-8 
6.414581176987285e9 1.69154498771167e-8 
6.414768778447364e9 1.991645543576318e-8 
6.415043944997938e9 2.5348287546413988e-8 
6.415455342789163e9 3.3802256765421795e-8 
6.41598758652828e9 2.43078668030016e-8 
6.416421624445826e9 1.2975521022998259e-8 
6.417076149070707e9 6.891320372799752e-9 
6.417858137610767e9 7.3190670244646135e-9 
6.41930023842217e9 9.340995588799153e-9 
6.42083072832993e9 1.0786199451047589e-8 
6.421377797464371e9 1.7280359576501806e-8 
6.42198444876552e9 5.0330885370806165e-8 
6.422080552787275e9 7.131607334411045e-8 
6.422281921736411e9 3.4639784097713406e-7 
6.422359038085056e9 1.3130233104186604e-7 
6.422427759055083e9 2.6477568081342038e-8 
6.422496045704762e9 1.082680849129005e-8 
6.422634568836614e9 4.1859357637617795e-9 
6.422796823588655e9 4.01233934221435e-9 
6.42307189872958e9 3.749358549531969e-9 
6.423449473959488e9 3.4439663315070636e-9 
6.424032947005622e9 3.361714265683308e-9 
6.424870871057752e9 3.5706800023930967e-9 
6.426140181699017e9 3.724164516939043e-9 
6.428002901337158e9 3.5356513501825545e-9 
6.43037222696559e9 2.8872649118259507e-9 
6.433999352453066e9 2.0459993604738676e-9 
6.438543152006834e9 1.8730659868143444e-9 
6.444787159750641e9 1.5748899210836144e-9 
6.452015744416109e9 1.221747671372359e-9 
6.46292831016403e9 1.0704194102776603e-9 
6.474691572418467e9 8.986235645208048e-10 
6.492434646333169e9 7.732789641385022e-10 
6.512057876286786e9 7.084257924263779e-10 
6.541176089386342e9 7.085100401341929e-10 
6.572670927031179e9 7.085702108007594e-10 
6.58857989063722e9 1.1845918309702763e-9 
6.603993807379655e9 7.086236097447452e-10 
6.616734848123665e9 7.086396821615934e-10 
6.631990163613363e9 7.086535255193356e-10 
6.657353959386437e9 7.086677674645666e-10 
6.687665341378714e9 7.086747113220835e-10 
6.734899087249626e9 7.086697844032667e-10 
6.800466218306803e9 7.086380288550307e-10 
6.894823154464e9 7.085502729693899e-10 
7.023411929917161e9 7.083645486496166e-10 
7.157457681118083e9 7.081392662098812e-10 
7.2531890741033125e9 7.201489064935776e-10 
7.26865903133723e9 7.183022885105098e-10 
7.300582390279761e9 7.094446725068399e-10 
7.326561578086965e9 7.081449807181831e-10 
7.372166552458551e9 7.077596941060528e-10 
7.408330701795908e9 7.075454911826361e-10 
7.467027658447966e9 7.074037314378103e-10 
7.528618902516638e9 7.076718875964298e-10 
7.573640521923211e9 7.073548964647797e-10 
7.614496687132463e9 7.071133556822241e-10 
7.669630701011212e9 7.070695012147883e-10 
7.731686643467406e9 7.075612929430356e-10 
7.779440990636257e9 7.069829685825327e-10 
7.820355680291022e9 7.067624154886374e-10 
7.881815087333514e9 7.086516767451395e-10 
7.943208384185621e9 7.155167692055082e-10 
7.984908961753336e9 7.172217747360506e-10 
8.017105949204982e9 7.06521163018289e-10 
8.047434580971282e9 7.060690870042781e-10 
8.079224526294226e9 7.058256541748375e-10 
8.084858210621266e9 7.952246982731978e-10 
8.092499836857891e9 1.3184234821466769e-9 
8.101432773851181e9 2.5816617439228344e-9 
8.108129196082008e9 2.13425892336096e-9 
8.115248437825397e9 2.137967615966199e-9 
8.121121653564867e9 2.517380046458653e-9 
8.127637183751259e9 2.169045392709657e-9 
8.135199839448529e9 1.9220226739900497e-9 
8.142342836811012e9 1.9117808201139178e-9 
8.1490666389007015e9 5.49232175457845e-9 
8.15062533988511e9 9.536976389193359e-9 
8.152976263238197e9 6.647657039678266e-9 
8.154528225659477e9 9.132053747852416e-9 
8.156241955448236e9 6.286797154189922e-9 
8.158273185522574e9 4.3608757773952824e-9 
8.159888624351184e9 4.933338408374274e-9 
8.163792219254671e9 2.5099056953500236e-9 
8.166731080051718e9 2.731949615388931e-9 
8.1712956867209015e9 5.492640710563044e-9 
8.172176421172248e9 8.014066484934983e-9 
8.173824336881221e9 2.958116660795102e-8 
8.174719999651e9 1.0549091023594101e-8 
8.175505716657647e9 1.2098418786693916e-8 
8.176527012976676e9 1.3293577112591078e-8 
8.177905901658808e9 3.90566141595661e-9 
8.179388860765709e9 4.244896129913733e-9 
8.181600638173042e9 1.1542040438823584e-8 
8.182098445824174e9 1.909808482037884e-8 
8.182770787598197e9 9.714393531360847e-8 
8.182862976350573e9 1.6200221402862977e-7 
8.18299659316619e9 9.663232589829362e-8 
8.183095152265713e9 5.279228452630971e-8 
8.183205494640288e9 8.171162043661909e-8 
8.183417527383104e9 9.659703857788667e-8 
8.183544862838787e9 3.263117587415603e-8 
8.183702591122817e9 2.1242220793609517e-8 
8.183972688740056e9 3.2544087133718386e-8 
8.184326343036722e9 1.472477013308433e-7 
8.184372501815213e9 2.744073193999725e-7 
8.184392470796746e9 4.309384948681745e-7 
8.184423305131126e9 2.518562148417873e-6 
8.18442673998621e9 4.303031762206743e-6 
8.184432324901151e9 2.6709497201669155e-6 
8.184435999240685e9 1.2906650712090977e-6 
8.184439874717638e9 2.036782521663454e-6 
8.184446320550942e9 7.217078795970828e-6 
8.184450492277442e9 3.3987546196904163e-6 
8.184453829300442e9 8.342144587840463e-7 
8.1844569787439e9 6.732726826222276e-7 
8.184464541000943e9 7.105656351223825e-7 
8.184472873398377e9 1.2119870257416337e-6 
8.184482913487945e9 3.4264210117116318e-6 
8.184489812911561e9 2.6586836623182416e-6 
8.184491170266795e9 3.734028162302427e-6 
8.1844921661366e9 4.975274965571976e-6 
8.184494058932373e9 9.608215105073736e-6 
8.184495615913791e9 9.860737272379548e-6 
8.184497149529676e9 3.5820618949120893e-6 
8.184498529911421e9 2.972167539838021e-6 
8.184501533113946e9 3.790990698952708e-6 
8.184504458290941e9 1.6165481999190122e-5 
8.184505002522138e9 3.283088638943732e-5 
8.184505171131193e9 4.4941000851754996e-5 
8.184505510557073e9 6.265999027727588e-5 
8.184505718061057e9 2.626761939822281e-5 
8.184505967414376e9 1.63176778093379e-5 
8.184506310590429e9 2.1652859695668676e-5 
8.184506875599897e9 2.0668212103119857e-5 
8.18450740733337e9 9.421998243389891e-6 
8.184508110806591e9 9.91242118770291e-6 
8.184508999699438e9 1.1567226096424084e-5 
8.184510220464875e9 1.1850586380787673e-5 
8.184511282507472e9 6.2886117486860595e-6 
8.1845124848742695e9 1.4097657588593098e-5 
8.184512808504628e9 2.0628785197434e-5 
8.184513287037515e9 6.0975531579438655e-5 
8.184513363282493e9 8.708790705497226e-5 
8.184513545240647e9 0.0009787616365211132 
8.184513562543128e9 0.0005565915378997787 
8.184513583304723e9 0.0001400662547524917 
8.184513600970234e9 0.00017537512785331848 
8.184513644218865e9 0.00035002518662294687 
8.184513685100142e9 0.0010006297243628282 
8.184513712898061e9 0.00047043560176642364 
8.184513734497065e9 0.0001103661353989413 
8.18451375683885e9 7.556754978623285e-5 
8.184513806919538e9 0.00010613428425335787 
8.184513865582251e9 0.00016807454229591514 
8.184513951296144e9 0.00031031518672558066 
8.184514007683073e9 0.00012329155331683255 
8.184514071897372e9 5.311388733862907e-5 
8.184514144619843e9 7.418306382938407e-5 
8.184514286578283e9 0.0001419490678320529 
8.184514411059202e9 0.0001734367730862038 
8.184514435450534e9 0.0003022697830247327 
8.18451445473548e9 0.0005821020437386826 
8.184514474203692e9 0.001888117780122243 
8.184514476857586e9 0.0022786621732058237 
8.184514482706611e9 0.0051912000144078456 
8.1845144859880085e9 0.005307379084055779 
8.184514488502521e9 0.005175436378524458 
8.184514490922277e9 0.009600890600009935 
8.184514491496957e9 0.012340278074718016 
8.184514492518381e9 0.05453753393377482 
8.184514492812108e9 0.15124389458355986 
8.184514492885245e9 0.21763329005433782 
8.184514493038597e9 0.5593775929389767 
8.184514493102147e9 0.587168918153429 
8.1845144931157465e9 0.5301209769034485 
8.184514493142689e9 0.4173641453920426 
8.184514493165501e9 0.33954332068943704 
8.1845144932084e9 0.26283921975272984 
8.184514493250744e9 0.2785425326356337 
8.184514493314364e9 0.2608065997462637 
8.184514493371432e9 0.1881628268399953 
8.184514493431961e9 0.1574947083024616 
8.184514493527489e9 0.1669748202102798 
8.184514493630585e9 0.09889383720124702 
8.184514493726028e9 0.056305961696041455 
8.184514493893833e9 0.08275132558322335 
8.184514494071998e9 0.17861348931202087 
8.184514494117413e9 0.2205100318286376 
8.1845144942231e9 0.27095260475813226 
8.184514494289075e9 0.1786965948592927 
8.184514494379352e9 0.22826613561218545 
8.184514494446263e9 0.33780308554564853 
8.184514494560709e9 0.7432941592347105 
8.184514494576549e9 0.8377703506098778 
8.184514494601521e9 1.001907067448381 
8.184514494622064e9 1.0524017038769653 
8.1845144946381035e9 0.942707605710767 
8.184514494651929e9 0.819905450680242 
8.184514494670233e9 0.6755377461346627 
8.184514494692567e9 0.5376406193196354 
8.1845144947229e9 0.40292830044800526 
8.184514494759567e9 0.3193533364301016 
8.18451449480766e9 0.2663951638128439 
8.184514494858619e9 0.21968878872143027 
8.184514494931108e9 0.1663309688652449 
8.18451449501786e9 0.24591375165282875 
8.184514495082647e9 0.3700801741428702 
8.184514495149082e9 0.3823978843935503 
8.184514495189128e9 0.28714110682094174 
8.184514495229977e9 0.20573600268756653 
8.184514495293533e9 0.1570614894681063 
8.18451449536901e9 0.11070740565289426 
8.184514495482971e9 0.11179540148721115 
8.18451449562021e9 0.23740745522792073 
8.184514495653275e9 0.2879466834169221 
8.184514495736727e9 0.4177538077630831 
8.184514495776442e9 0.37083151169998 
8.184514495815779e9 0.2699886494029022 
8.1845144958510895e9 0.19976992480090328 
8.184514495916765e9 0.13758904341939945 
8.184514495980974e9 0.1630485255046548 
8.18451449608347e9 0.31379242333300605 
8.184514496192312e9 0.663180442872791 
8.184514496214529e9 0.7800458407426055 
8.184514496241369e9 0.9460482338512821 
8.184514496265554e9 1.0353582486294706 
8.184514496281971e9 0.9409415430696133 
8.184514496297132e9 0.8067617500194567 
8.184514496313649e9 0.6746243510329053 
8.184514496337091e9 0.5269718039071929 
8.184514496365681e9 0.3976705423683258 
8.18451449640325e9 0.2847529895944463 
8.184514496450014e9 0.22846464998513494 
8.184514496512374e9 0.17192425423050514 
8.184514496593182e9 0.1514527295799105 
8.184514496696817e9 0.3016552264952879 
8.184514496817799e9 0.7109952657341881 
8.184514496838879e9 0.8329415537170313 
8.184514496851042e9 0.9130285170905389 
8.184514496875271e9 1.081258907772749 
8.184514496894015e9 1.111883272494543 
8.1845144969085e9 0.9977483594980099 
8.184514496921216e9 0.8748615110634376 
8.18451449693853e9 0.7262556994732039 
8.184514496959222e9 0.6885551150283163 
8.1845144969875965e9 0.8652663975292713 
8.184514497021311e9 1.1398024461329517 
8.184514497040288e9 1.3194403873754184 
8.184514497061899e9 1.3501497914466216 
8.184514497072074e9 1.2382145473892248 
8.184514497083139e9 1.1037871660273035 
8.184514497096821e9 0.9552825410476812 
8.184514497114575e9 0.7972428305245187 
8.184514497137074e9 0.64263177756072 
8.184514497164409e9 0.5045669601608768 
8.184514497197965e9 0.4228871787835437 
8.184514497239594e9 0.4219529908045213 
8.18451449729005e9 0.6263081685360511 
8.184514497346242e9 0.9768269038570007 
8.184514497359572e9 1.0854237799873643 
8.1845144973861e9 1.2828247867502593 
8.184514497400305e9 1.2357521540984493 
8.184514497411601e9 1.1146526436790727 
8.184514497422104e9 0.9975038510242353 
8.184514497437648e9 0.8451844405580349 
8.184514497455566e9 0.7032935913315908 
8.184514497480358e9 0.5541833629006833 
8.18451449750918e9 0.4304108025501187 
8.1845144975463085e9 0.3541383888668454 
8.184514497591766e9 0.295034915132055 
8.1845144976503725e9 0.2412251988397492 
8.184514497723287e9 0.24151835627833898 
8.18451449781218e9 0.4735063729311231 
8.184514497908303e9 0.9923083279969153 
8.184514497926318e9 1.139331005296396 
8.18451449795634e9 1.3399426669993524 
8.184514497967739e9 1.465648324700882 
8.184514497980662e9 1.5953838485314733 
8.184514497996035e9 1.5503570963072917 
8.184514498005141e9 1.4201771462404882 
8.184514498014327e9 1.2849422176577954 
8.1845144980270405e9 1.1178379459633865 
8.184514498042316e9 0.9503751667464423 
8.184514498062481e9 0.7749290852794465 
8.18451449808592e9 0.6201993024119349 
8.184514498114953e9 0.480610115644917 
8.184514498149967e9 0.4012901612141965 
8.18451449819111e9 0.33687193708862023 
8.184514498238676e9 0.2765128635037844 
8.184514498296323e9 0.23680752649162048 
8.184514498367816e9 0.20079424232352422 
8.184514498463201e9 0.25596379905044214 
8.184514498568544e9 0.5591338427889221 
8.18451449867279e9 1.259964807061942 
8.184514498692437e9 1.473045982433833 
8.184514498709601e9 1.6570960626724676 
8.18451449872397e9 1.6159491389676204 
8.184514498732881e9 1.483363719084844 
8.1845144987417e9 1.3468746575922048 
8.18451449875398e9 1.1760989031338798 
8.184514498768602e9 1.0052759167615037 
8.184514498788028e9 0.8236475743626368 
8.184514498810462e9 0.6629724132344725 
8.184514498838193e9 0.7271185003616887 
8.1845144988714285e9 0.9271529458664286 
8.184514498910618e9 0.9919172446650191 
8.184514498924449e9 0.8753786803491268 
8.184514498942007e9 0.7323137120280242 
8.184514498962482e9 0.5976294818691684 
8.18451449899126e9 0.4583142513753223 
8.184514499025419e9 0.34516921434289005 
8.184514499069921e9 0.28158746994183675 
8.184514499125632e9 0.2261005393838137 
8.184514499200116e9 0.3862713216281295 
8.184514499285977e9 0.7444280203459641 
8.184514499376085e9 1.5006999471897502 
8.184514499396448e9 1.6906657338680449 
8.184514499400686e9 1.6826759736224348 
8.184514499408085e9 1.6056536146726785 
8.184514499413267e9 1.5271181188904654 
8.184514499421336e9 1.3994517739287728 
8.184514499429683e9 1.2758406797333808 
8.184514499442109e9 1.1140691329474453 
8.184514499456827e9 0.953854681773675 
8.184514499476098e9 0.7855934013308064 
8.184514499498598e9 0.6345390818917283 
8.184514499526547e9 0.4960945244027374 
8.184514499560303e9 0.4124066437042898 
8.1845144995992985e9 0.3480334441069297 
8.184514499646231e9 0.28517921411587227 
8.184514499704239e9 0.23683142501246063 
8.184514499779557e9 0.21079065458670868 
8.184514499876336e9 0.44014213041512934 
8.184514499971146e9 0.9143884389741894 
8.184514499990524e9 1.06546268428318 
8.184514500028609e9 1.4428692174899393 
8.184514500044923e9 1.6341901524620306 
8.184514500064093e9 1.6600576562685887 
8.184514500071996e9 1.5454428223152543 
8.184514500081156e9 1.3990820384746232 
8.184514500091904e9 1.2418776754698324 
8.184514500106297e9 1.062537496743957 
8.184514500124092e9 0.8830824450198036 
8.18451450014579e9 0.7131902739312764 
8.184514500171642e9 0.5621933692471749 
8.184514500203142e9 0.44130810123013503 
8.18451450024053e9 0.37454660430005965 
8.18451450028405e9 0.3093366134654681 
8.1845145003375225e9 0.24879057271589058 
8.184514500405132e9 0.20644336410395195 
8.184514500497998e9 0.32872259474043103 
8.184514500592918e9 0.6745425314548668 
8.184514500693699e9 1.4733051668776536 
8.1845145007097e9 1.6541685862122788 
8.184514500734139e9 1.5636112608910901 
8.184514500746838e9 1.3592962613806119 
8.1845145007591715e9 1.1680791134049286 
8.184514500773693e9 0.9817832270419032 
8.184514500787418e9 0.8474977670950774 
8.184514500811454e9 0.669784293894443 
8.184514500840104e9 0.5174398718524759 
8.184514500873372e9 0.5976767517472948 
8.184514500912481e9 0.7620020320083379 
8.184514500949857e9 0.7159004647882877 
8.1845145009721155e9 0.5883013150156544 
8.184514500995255e9 0.4751932941663453 
8.184514501029729e9 0.353630001346733 
8.184514501070474e9 0.2681052270419914 
8.184514501126401e9 0.24698625075855593 
8.184514501196049e9 0.4173754508865314 
8.18451450128166e9 0.80438835952227 
8.184514501348137e9 1.3608142992615755 
8.18451450136374e9 1.539848928603703 
8.1845145013842535e9 1.7026566717622238 
8.184514501394627e9 1.6001106757950458 
8.184514501405058e9 1.4344577014341675 
8.184514501415154e9 1.283614898673895 
8.184514501429945e9 1.092731360755376 
8.184514501446998e9 0.914146452920334 
8.184514501469192e9 0.733548990130303 
8.184514501494525e9 0.5801395575601058 
8.184514501526026e9 0.4492440846274356 
8.184514501563226e9 0.3826497150542531 
8.184514501606313e9 0.3175757896780193 
8.184514501659031e9 0.25700571809170303 
8.184514501725415e9 0.2158804666940197 
8.184514501816566e9 0.321736829144046 
8.184514501911199e9 0.663667890071439 
8.184514502011061e9 1.4532703077377678 
8.184514502020772e9 1.568393883492464 
8.18451450204664e9 1.662967028138538 
8.184514502056428e9 1.5039522071999536 
8.184514502066771e9 1.341486319814537 
8.184514502080558e9 1.152977292687769 
8.184514502097491e9 0.9637867403440856 
8.184514502118681e9 0.7789363337234761 
8.184514502143356e9 0.6174833528631412 
8.184514502173414e9 0.47581915980306544 
8.1845145022097225e9 0.40010429669548975 
8.184514502251243e9 0.33401476365368765 
8.184514502302142e9 0.27028846380653215 
8.184514502366002e9 0.2249157741586403 
8.184514502453133e9 0.3062607862735698 
8.184514502547474e9 0.6311961972616761 
8.184514502645388e9 1.3643997905177425 
8.184514502654021e9 1.4617988546038914 
8.184514502672572e9 1.6776194125289499 
8.184514502685462e9 1.7066794516850727 
8.184514502693963e9 1.5979785127133312 
8.184514502702264e9 1.4637603576311158 
8.1845145027125e9 1.3065560570660388 
8.184514502725322e9 1.1355004885586955 
8.184514502742051e9 0.9517749705190266 
8.184514502762182e9 0.7776989456489084 
8.184514502786422e9 0.6189115672393228 
8.184514502815576e9 0.48027646340719266 
8.184514502851246e9 0.40253313076586983 
8.184514502891861e9 0.3369793976779927 
8.184514502941888e9 0.27306670813639555 
8.184514503004603e9 0.22565847886894377 
8.184514503090311e9 0.3001274988795264 
8.1845145031842985e9 0.6164499770879591 
8.184514503281386e9 1.3225473669469867 
8.18451450330003e9 1.5340954675967617 
8.184514503318447e9 1.7200921546734849 
